17
LngfishAu  0.0000000 0.4602491 0.4449912 0.4973492 0.6826828 0.8545981 0.8156516 0.8341288 0.8302129 0.7348661 0.6679226 0.7385831 0.7167152 0.7521062 0.7751273 0.7740851 0.7208961 
LngfishSA  0.4602491 0.0000000 0.3512011 0.6351609 0.7783893 0.8602402 0.8452873 0.8114556 0.7387667 0.8050610 0.7404685 0.8086207 0.7811713 0.7611195 0.8552899 0.7869775 0.6515625 
LngfishAf  0.4449912 0.3512011 0.0000000 0.6235880 0.7417838 0.9100971 0.9703765 0.9184042 0.8344294 0.8802067 0.7943164 0.8340607 0.7991325 0.8166943 0.9094286 0.8282060 0.7237649 
Frog       0.4973492 0.6351609 0.6235880 0.0000000 0.6609289 0.8655938 0.8161253 0.8636233 0.8003382 0.7569391 0.6990140 0.7131305 0.7188169 0.7408031 0.7547208 0.7362581 0.6802315 
Turtle     0.6826828 0.7783893 0.7417838 0.6609289 0.0000000 0.5699184 0.6153795 0.5678567 0.5086440 0.6174641 0.5664506 0.5744719 0.5908860 0.5931083 0.6418954 0.6266024 0.6087347 
Sphenodon  0.8545981 0.8602402 0.9100971 0.8655938 0.5699184 0.0000000 0.7095857 0.6597294 0.6213149 0.7337403 0.7171671 0.6933920 0.7152664 0.7217802 0.7913595 0.7662811 0.6880092 
Lizard     0.8156516 0.8452873 0.9703765 0.8161253 0.6153795 0.7095857 0.0000000 0.7581775 0.6836013 0.7801944 0.7437685 0.7934743 0.8121505 0.7238873 0.8397410 0.7907814 0.7086843 
Crocodile  0.8341288 0.8114556 0.9184042 0.8636233 0.5678567 0.6597294 0.7581775 0.0000000 0.5146920 0.7878417 0.7942126 0.7934642 0.8560984 0.8859063 0.8949475 0.7974631 0.8258387 
Bird       0.8302129 0.7387667 0.8344294 0.8003382 0.5086440 0.6213149 0.6836013 0.5146920 0.0000000 0.7131376 0.7062621 0.7246136 0.7292499 0.8012694 0.7940527 0.7230031 0.7080701 
Human      0.7348661 0.8050610 0.8802067 0.7569391 0.6174641 0.7337403 0.7801944 0.7878417 0.7131376 0.0000000 0.2847903 0.2920799 0.3072231 0.3741392 0.3924254 0.4682404 0.4412139 
Seal       0.6679226 0.7404685 0.7943164 0.6990140 0.5664506 0.7171671 0.7437685 0.7942126 0.7062621 0.2847903 0.0000000 0.1987027 0.2181766 0.2929597 0.3317652 0.3957463 0.3650547 
Cow        0.7385831 0.8086207 0.8340607 0.7131305 0.5744719 0.6933920 0.7934743 0.7934642 0.7246136 0.2920799 0.1987027 0.0000000 0.1797476 0.3334191 0.3466595 0.4199697 0.3601608 
Whale      0.7167152 0.7811713 0.7991325 0.7188169 0.5908860 0.7152664 0.8121505 0.8560984 0.7292499 0.3072231 0.2181766 0.1797476 0.0000000 0.3387867 0.3714010 0.4104563 0.3756972 
Mouse      0.7521062 0.7611195 0.8166943 0.7408031 0.5931083 0.7217802 0.7238873 0.8859063 0.8012694 0.3741392 0.2929597 0.3334191 0.3387867 0.0000000 0.1479242 0.4285770 0.3641272 
Rat        0.7751273 0.8552899 0.9094286 0.7547208 0.6418954 0.7913595 0.8397410 0.8949475 0.7940527 0.3924254 0.3317652 0.3466595 0.3714010 0.1479242 0.0000000 0.4630068 0.4238979 
Platypus   0.7740851 0.7869775 0.8282060 0.7362581 0.6266024 0.7662811 0.7907814 0.7974631 0.7230031 0.4682404 0.3957463 0.4199697 0.4104563 0.4285770 0.4630068 0.0000000 0.3328677 
Opossum    0.7208961 0.6515625 0.7237649 0.6802315 0.6087347 0.6880092 0.7086843 0.8258387 0.7080701 0.4412139 0.3650547 0.3601608 0.3756972 0.3641272 0.4238979 0.3328677 0.0000000 
