13
AE017045.1    0.00000000 0.00023673 0.52202351 0.00032457 0.26993628 0.26112393 0.33738518 0.26134858 0.29834724 0.34636761 4.21123393 4.95675203 6.39462932 
NC_017266.1   0.00023673 0.00000000 0.53952405 0.00013367 0.27887342 0.27875270 0.33415753 0.27893551 0.37861003 0.45351775 3.97301260 4.68291780 6.33849812 
NC_003134.1   0.52202351 0.53952405 0.00000000 0.00010749 0.62550787 0.59225440 0.79357779 0.59262933 0.81901729 1.06909061 6.89795554 7.61428066 6.39019037 
CP045159.1    0.00032457 0.00013367 0.00010749 0.00000000 0.00022316 0.00010749 0.00006449 0.00015051 0.35403362 0.00030919 8.05939049 7.25056160 9.00000000 
CP000309.1    0.26993628 0.27887342 0.62550787 0.00022316 0.00000000 0.00005370 0.00012979 0.00014051 0.29169327 0.34539318 4.14121095 4.41401221 6.34234522 
NC_014022.1   0.26112393 0.27875270 0.59225440 0.00010749 0.00005370 0.00000000 0.00007386 0.00008489 0.28192878 0.33173073 4.03718019 4.31492654 6.39045106 
CP000306.1    0.33738518 0.33415753 0.79357779 0.00006449 0.00012979 0.00007386 0.00000000 0.00013807 0.36649054 0.43628880 4.03514513 4.78323971 6.38603228 
NC_017155.1   0.26134858 0.27893551 0.59262933 0.00015051 0.00014051 0.00008489 0.00013807 0.00000000 0.28213902 0.33191508 4.03714687 4.31489679 6.39168058 
CP010248.1    0.29834724 0.37861003 0.81901729 0.35403362 0.29169327 0.28192878 0.36649054 0.28213902 0.00000000 0.00006136 4.26902127 5.01124522 8.15774117 
CP009714.1    0.34636761 0.45351775 1.06909061 0.00030919 0.34539318 0.33173073 0.43628880 0.33191508 0.00006136 0.00000000 3.93654581 4.75127838 6.18527310 
NZ_CP016275.1 4.21123393 3.97301260 6.89795554 8.05939049 4.14121095 4.03718019 4.03514513 4.03714687 4.26902127 3.93654581 0.00000000 0.00000048 0.01034132 
NC_009596.1   4.95675203 4.68291780 7.61428066 7.25056160 4.41401221 4.31492654 4.78323971 4.31489679 5.01124522 4.75127838 0.00000048 0.00000000 0.00007838 
NZ_CP045637.1 6.39462932 6.33849812 6.39019037 9.00000000 6.34234522 6.39045106 6.38603228 6.39168058 8.15774117 6.18527310 0.01034132 0.00007838 0.00000000 
