13
CP000309.1    0.00000000 0.00012956 0.04638599 0.05142241 0.49297416 0.72974052 0.37431681 0.13047873 0.00014025 0.00005394 0.00032363 0.00024584 0.00022411 
CP000306.1    0.00012956 0.00000000 0.04720949 0.05362906 0.49903528 0.73265973 0.38059384 0.13103488 0.00013785 0.00007422 0.00031078 0.00008613 0.00024128 
AE017045.1    0.04638599 0.04720949 0.00000000 0.00023642 0.49729765 0.72801443 0.51157321 0.00743421 0.04539887 0.04530326 0.10736964 0.00034660 0.12497824 
NC_017266.1   0.05142241 0.05362906 0.00023642 0.00000000 0.49316583 0.73003333 0.50820187 0.01273606 0.05143696 0.05136677 0.11890893 0.00015621 0.14457736 
NZ_CP016275.1 0.49297416 0.49903528 0.49729765 0.49316583 0.00000000 0.00641065 0.00000038 0.75525726 0.49909298 0.49909271 0.38111070 0.71516929 0.51736323 
NZ_CP045637.1 0.72974052 0.73265973 0.72801443 0.73003333 0.00641065 0.00000000 0.00007845 0.73244237 0.73261252 0.73251890 0.46774267 0.70350406 0.81835435 
NC_009596.1   0.37431681 0.38059384 0.51157321 0.50820187 0.00000038 0.00007845 0.00000000 0.76730122 0.38071150 0.38069413 0.35452156 0.72208297 0.38902177 
NC_003134.1   0.13047873 0.13103488 0.00743421 0.01273606 0.75525726 0.73244237 0.76730122 0.00000000 0.12724556 0.12717666 0.14472990 0.00010765 0.23288396 
NC_017155.1   0.00014025 0.00013785 0.04539887 0.05143696 0.49909298 0.73261252 0.38071150 0.12724556 0.00000000 0.00008476 0.00034203 0.00017226 0.00021971 
NC_014022.1   0.00005394 0.00007422 0.04530326 0.05136677 0.49909271 0.73251890 0.38069413 0.12717666 0.00008476 0.00000000 0.00025333 0.00012919 0.00015005 
CP010248.1    0.00032363 0.00031078 0.10736964 0.11890893 0.38111070 0.46774267 0.35452156 0.14472990 0.00034203 0.00025333 0.00000000 0.11291127 0.00007005 
CP045159.1    0.00024584 0.00008613 0.00034660 0.00015621 0.71516929 0.70350406 0.72208297 0.00010765 0.00017226 0.00012919 0.11291127 0.00000000 0.00030926 
CP009714.1    0.00022411 0.00024128 0.12497824 0.14457736 0.51736323 0.81835435 0.38902177 0.23288396 0.00021971 0.00015005 0.00007005 0.00030926 0.00000000 
